-1000	-1000	-1000	-1000	-1000	-1000	-1000	-1000	-1000	-1000	-1000	-1000	-1000	-1000	-1000	-1000	-1000	-1000	-1000	-1000	-1000	-1000	-1000	-1000	-1000	-1000	-1000	-1000	-1000	-1000	-1000	-1000	-1000	-1000	-1000	-1000	-1000	-1000	-1000	-1000	
-1000	-1000	-1000	-1000	-1000	-1000	-1000	-1000	-1000	-1000	-1000	-1000	-1000	-1000	-1000	-1000	-1000	-1000	-1000	-1000	-1000	-1000	-1000	-1000	-1000	-1000	-1000	-1000	-1000	-1000	-1000	-1000	-1000	-1000	-1000	-1000	-1000	-1000	-1000	-1000	
-1000	-1000	-1000	-1000	-1000	-1000	-1000	-1000	-1000	-1000	-1000	-1000	-1000	-1000	-1000	-1000	-1000	-1000	-1000	-1000	-1000	-1000	-1000	-1000	-1000	-1000	-1000	-1000	-1000	-1000	-1000	-1000	-1000	-1000	-1000	-1000	-1000	-1000	-1000	-1000	
-1000	-1000	-1000	-1000	-1000	-1000	-1000	-1000	-1000	-1000	-1000	-1000	-1000	-1000	-1000	94672	-1000	-1000	-1000	-1000	-1000	-1000	-1000	-1000	-1000	-1000	-1000	-1000	-1000	-1000	-1000	-1000	-1000	-1000	-1000	-1000	-1000	-1000	-1000	-1000	
-1000	-1000	-1000	-1000	-1000	-1000	-1000	-1000	-1000	-1000	-1000	-1000	-1000	-1000	118175	81613	-1000	-1000	78661	-1000	-1000	-1000	-1000	-1000	-1000	-1000	-1000	-1000	-1000	-1000	-1000	-1000	-1000	-1000	-1000	-1000	-1000	-1000	-1000	-1000	
-1000	-1000	-1000	-1000	-1000	-1000	-1000	-1000	-1000	-1000	82905	-1000	-1000	-1000	-1000	75114	-1000	-1000	-1000	53401	-1000	-1000	-1000	-1000	-1000	-1000	-1000	-1000	-1000	-1000	-1000	-1000	-1000	-1000	-1000	-1000	-1000	-1000	-1000	-1000	
-1000	-1000	-1000	-1000	-1000	-1000	-1000	-1000	-1000	-1000	-1000	-1000	-1000	-1000	-1000	-1000	-1000	61281	44130	-1000	-1000	-1000	75712	-1000	-1000	-1000	-1000	-1000	-1000	-1000	-1000	-1000	-1000	-1000	-1000	-1000	-1000	-1000	-1000	-1000	
-1000	-1000	-1000	-1000	-1000	-1000	-1000	-1000	-1000	-1000	87249	59213	-1000	-1000	-1000	-1000	82749	79092	42392	-1000	-1000	-1000	-1000	-1000	-1000	-1000	293760	-1000	-1000	-1000	-1000	-1000	-1000	-1000	-1000	-1000	-1000	-1000	-1000	-1000	
-1000	-1000	-1000	-1000	-1000	-1000	-1000	-1000	-1000	-1000	72354	-1000	-1000	64941	-1000	-1000	-1000	-1000	70095	61040	126882	-1000	-1000	-1000	87432	-1000	-1000	-1000	-1000	-1000	-1000	-1000	-1000	-1000	-1000	-1000	-1000	-1000	-1000	-1000	
-1000	-1000	-1000	-1000	-1000	-1000	-1000	-1000	-1000	-1000	-1000	-1000	-1000	-1000	-1000	-1000	-1000	-1000	-1000	103224	-1000	81020	-1000	-1000	93887	-1000	-1000	-1000	-1000	-1000	-1000	-1000	-1000	-1000	90467	-1000	-1000	-1000	-1000	-1000	
-1000	-1000	-1000	-1000	-1000	-1000	-1000	-1000	-1000	70318	-1000	-1000	-1000	-1000	-1000	-1000	-1000	-1000	-1000	81283	106240	-1000	-1000	-1000	-1000	-1000	-1000	85131	-1000	-1000	-1000	-1000	-1000	-1000	-1000	-1000	-1000	-1000	-1000	-1000	
-1000	-1000	-1000	-1000	-1000	-1000	-1000	128000	-1000	-1000	-1000	-1000	-1000	-1000	-1000	-1000	-1000	-1000	-1000	-1000	-1000	-1000	-1000	-1000	107994	-1000	-1000	-1000	80000	119683	87316	-1000	-1000	-1000	-1000	-1000	-1000	-1000	-1000	-1000	
-1000	-1000	-1000	-1000	-1000	-1000	-1000	73742	-1000	-1000	-1000	-1000	-1000	-1000	-1000	-1000	-1000	-1000	-1000	-1000	64485	95702	212201	-1000	108014	-1000	69986	-1000	74483	-1000	-1000	-1000	80860	-1000	-1000	-1000	-1000	-1000	-1000	-1000	
-1000	-1000	-1000	-1000	-1000	-1000	56815	73334	-1000	-1000	-1000	-1000	-1000	147778	-1000	74492	87644	113800	-1000	96196	-1000	137652	-1000	-1000	-1000	-1000	-1000	-1000	-1000	-1000	-1000	-1000	-1000	-1000	-1000	-1000	-1000	-1000	-1000	-1000	
-1000	-1000	-1000	-1000	-1000	-1000	-1000	-1000	-1000	-1000	-1000	-1000	-1000	-1000	74286	92481	95414	275000	-1000	44976	108973	-1000	-1000	-1000	161458	-1000	104036	-1000	-1000	-1000	-1000	-1000	-1000	-1000	-1000	-1000	-1000	-1000	-1000	-1000	
-1000	-1000	-1000	-1000	-1000	50000	-1000	79211	-1000	-1000	-1000	69212	56795	-1000	-1000	-1000	164210	-1000	71097	164823	122867	-1000	-1000	-1000	-1000	-1000	-1000	-1000	-1000	-1000	-1000	-1000	-1000	-1000	-1000	-1000	-1000	-1000	-1000	-1000	
-1000	-1000	-1000	-1000	59008	-1000	-1000	-1000	-1000	-1000	97337	-1000	-1000	-1000	-1000	-1000	94608	91499	113586	144029	80619	-1000	-1000	-1000	-1000	109413	-1000	-1000	-1000	-1000	-1000	-1000	-1000	-1000	-1000	-1000	-1000	-1000	-1000	-1000	
-1000	-1000	-1000	-1000	69490	57818	-1000	-1000	-1000	-1000	109651	-1000	-1000	-1000	-1000	72631	-1000	85255	-1000	89784	144940	-1000	101266	-1000	-1000	-1000	-1000	-1000	-1000	-1000	-1000	-1000	-1000	-1000	-1000	-1000	-1000	-1000	-1000	-1000	
-1000	-1000	-1000	89189	-1000	-1000	-1000	-1000	-1000	-1000	-1000	-1000	-1000	-1000	-1000	217169	-1000	125748	-1000	162852	159737	-1000	102590	80000	-1000	-1000	-1000	-1000	-1000	-1000	-1000	-1000	-1000	-1000	-1000	-1000	-1000	-1000	-1000	-1000	
-1000	90055	-1000	-1000	-1000	-1000	-1000	-1000	-1000	-1000	-1000	-1000	-1000	-1000	-1000	66160	122645	-1000	69650	177067	213235	-1000	-1000	-1000	-1000	-1000	-1000	-1000	-1000	-1000	-1000	-1000	-1000	-1000	-1000	-1000	-1000	-1000	-1000	-1000	
-1000	-1000	-1000	-1000	-1000	-1000	-1000	855000	-1000	-1000	-1000	-1000	-1000	-1000	644929	127662	142006	172754	133858	181688	156593	-1000	-1000	-1000	-1000	-1000	-1000	-1000	-1000	-1000	-1000	-1000	-1000	-1000	-1000	-1000	-1000	-1000	-1000	-1000	
-1000	-1000	-1000	71166	-1000	-1000	-1000	-1000	-1000	-1000	-1000	-1000	-1000	-1000	116136	171354	157937	210606	-1000	114539	144637	88892	-1000	-1000	-1000	-1000	-1000	-1000	54000	-1000	-1000	-1000	-1000	-1000	-1000	-1000	-1000	-1000	-1000	-1000	
-1000	-1000	-1000	-1000	-1000	72166	97895	-1000	-1000	-1000	-1000	-1000	-1000	-1000	-1000	164210	194058	135994	63189	110136	105768	43335	43936	104463	-1000	-1000	-1000	-1000	-1000	-1000	-1000	-1000	-1000	-1000	-1000	-1000	-1000	-1000	-1000	-1000	
-1000	-1000	92614	-1000	-1000	-1000	-1000	-1000	112750	-1000	128509	-1000	-1000	-1000	-1000	150801	-1000	103079	107036	78439	132604	59121	-1000	-1000	61953	-1000	-1000	-1000	-1000	-1000	-1000	-1000	-1000	-1000	-1000	-1000	-1000	-1000	-1000	-1000	
-1000	-1000	-1000	-1000	-1000	-1000	-1000	-1000	-1000	99500	-1000	65448	-1000	-1000	-1000	141135	117120	-1000	137128	-1000	120893	-1000	-1000	64410	88967	-1000	86500	-1000	-1000	-1000	-1000	-1000	-1000	-1000	-1000	-1000	-1000	-1000	-1000	-1000	
-1000	-1000	-1000	-1000	-1000	-1000	-1000	-1000	-1000	-1000	-1000	92180	-1000	120238	93557	-1000	159833	74167	-1000	-1000	106373	-1000	-1000	72914	85730	-1000	-1000	-1000	-1000	-1000	-1000	-1000	-1000	-1000	-1000	-1000	-1000	-1000	-1000	-1000	
-1000	-1000	117176	-1000	-1000	-1000	-1000	-1000	-1000	-1000	-1000	-1000	-1000	-1000	-1000	-1000	87894	-1000	-1000	-1000	-1000	-1000	74626	-1000	-1000	-1000	-1000	-1000	-1000	-1000	-1000	-1000	-1000	-1000	-1000	-1000	-1000	-1000	-1000	-1000	
-1000	-1000	-1000	-1000	-1000	-1000	-1000	-1000	-1000	-1000	-1000	-1000	-1000	-1000	-1000	-1000	-1000	-1000	-1000	65873	-1000	-1000	-1000	-1000	-1000	-1000	-1000	-1000	-1000	-1000	-1000	-1000	-1000	-1000	-1000	-1000	-1000	-1000	-1000	-1000	
-1000	-1000	-1000	-1000	-1000	-1000	-1000	-1000	-1000	-1000	-1000	-1000	-1000	-1000	-1000	-1000	-1000	-1000	-1000	-1000	96401	87951	-1000	-1000	-1000	-1000	-1000	-1000	-1000	-1000	96237	-1000	123299	-1000	-1000	-1000	-1000	-1000	-1000	-1000	
-1000	-1000	-1000	-1000	-1000	-1000	-1000	-1000	-1000	-1000	-1000	-1000	-1000	-1000	-1000	94037	-1000	-1000	-1000	-1000	-1000	-1000	-1000	-1000	-1000	-1000	-1000	-1000	-1000	-1000	-1000	-1000	-1000	-1000	-1000	-1000	-1000	-1000	-1000	-1000	
-1000	-1000	-1000	-1000	-1000	-1000	-1000	-1000	-1000	-1000	-1000	-1000	-1000	-1000	-1000	-1000	-1000	-1000	-1000	-1000	-1000	-1000	-1000	-1000	-1000	-1000	-1000	-1000	-1000	70000	-1000	-1000	-1000	-1000	-1000	-1000	-1000	-1000	-1000	-1000	
-1000	-1000	-1000	-1000	-1000	-1000	-1000	-1000	-1000	-1000	-1000	-1000	-1000	-1000	-1000	-1000	-1000	-1000	-1000	-1000	-1000	84641	-1000	-1000	-1000	-1000	78400	-1000	-1000	-1000	106411	-1000	-1000	-1000	-1000	-1000	-1000	-1000	-1000	-1000	
-1000	-1000	-1000	-1000	-1000	-1000	-1000	-1000	-1000	-1000	-1000	-1000	-1000	-1000	-1000	-1000	-1000	-1000	-1000	-1000	-1000	-1000	-1000	-1000	-1000	-1000	-1000	-1000	-1000	-1000	-1000	-1000	-1000	-1000	-1000	-1000	-1000	-1000	-1000	-1000	
-1000	-1000	-1000	-1000	-1000	-1000	-1000	-1000	-1000	-1000	-1000	-1000	-1000	-1000	-1000	-1000	-1000	-1000	-1000	78233	-1000	-1000	-1000	-1000	-1000	-1000	-1000	-1000	-1000	-1000	-1000	-1000	-1000	-1000	-1000	-1000	-1000	-1000	-1000	-1000	
-1000	-1000	-1000	-1000	-1000	-1000	-1000	-1000	-1000	-1000	-1000	-1000	-1000	-1000	-1000	-1000	-1000	-1000	-1000	-1000	-1000	-1000	-1000	-1000	-1000	-1000	-1000	-1000	-1000	-1000	-1000	-1000	-1000	-1000	-1000	-1000	-1000	-1000	-1000	-1000	
-1000	-1000	-1000	-1000	-1000	-1000	-1000	-1000	-1000	-1000	-1000	-1000	-1000	-1000	-1000	-1000	-1000	-1000	-1000	-1000	-1000	-1000	-1000	-1000	-1000	-1000	145829	-1000	-1000	-1000	-1000	-1000	-1000	-1000	-1000	-1000	-1000	-1000	-1000	-1000	
-1000	-1000	-1000	-1000	-1000	-1000	-1000	-1000	-1000	-1000	-1000	-1000	-1000	-1000	-1000	-1000	-1000	-1000	-1000	64328	-1000	-1000	-1000	-1000	-1000	-1000	-1000	-1000	-1000	-1000	-1000	-1000	-1000	-1000	-1000	-1000	-1000	-1000	-1000	-1000	
-1000	-1000	-1000	-1000	-1000	-1000	-1000	-1000	-1000	-1000	-1000	-1000	-1000	-1000	-1000	-1000	-1000	-1000	-1000	-1000	98705	-1000	-1000	-1000	-1000	-1000	-1000	-1000	-1000	130742	-1000	-1000	-1000	-1000	-1000	-1000	-1000	-1000	-1000	-1000	
-1000	-1000	-1000	-1000	-1000	-1000	-1000	-1000	-1000	-1000	-1000	-1000	-1000	-1000	-1000	-1000	-1000	-1000	-1000	105569	-1000	-1000	-1000	275493	-1000	-1000	102485	-1000	-1000	86183	92966	-1000	-1000	-1000	-1000	-1000	-1000	-1000	-1000	-1000	
-1000	-1000	-1000	-1000	-1000	-1000	-1000	-1000	-1000	-1000	-1000	-1000	-1000	-1000	-1000	-1000	-1000	-1000	-1000	-1000	-1000	-1000	88473	430312	-1000	-1000	250403	101041	370694	-1000	-1000	-1000	-1000	-1000	-1000	-1000	-1000	-1000	-1000	-1000	
